%YAML:1.0

cam0:
  T_imu_cam: #rotation from camera to IMU R_CtoI, position of camera in IMU p_CinI
    - [ 9.9885234402635936e-01, 1.3591158885981787e-03,
       4.7876378696062108e-02, -8.4994249456545504e-02]
    - [-4.7864188349269129e-02, -7.9091258538426246e-03,
       9.9882253939420773e-01, 6.6169337079143220e-01]
    - [ 1.7361758877140372e-03, -9.9996779874765440e-01,
       -7.8349959194297103e-03, -3.0104266183335913e+00]
    - [0.0, 0.0, 0.0, 1.0]
  cam_overlaps: [1]
  camera_model: pinhole
  distortion_coeffs: [-0.0442856, 0.0133574, 0.0, 0.0]
  distortion_model: radtan
  intrinsics: [264.9425, 264.79, 334.3975, 183.162] #fu, fv, cu, cv
  resolution: [672, 376]
  rostopic: /zed2/camera/left/image_raw
cam1:
  T_imu_cam: #rotation from camera to IMU R_CtoI, position of camera in IMU p_CinI
    - [9.9872871452749812e-01, 1.5287637777597791e-03,
       5.0384696680271013e-02, 7.5332297629590136e-02]
    - [-5.0367177375936031e-02, -9.8967686259809895e-03,
       9.9868173179143760e-01, 6.8331281093016005e-01]
    - [2.0253941424080261e-03, -9.9994985716888607e-01,
       -9.8071874914416046e-03, -3.0079627649520204e+00]
    - [0.0, 0.0, 0.0, 1.0]
  cam_overlaps: [0]
  camera_model: pinhole
  distortion_coeffs: [-0.0423469,0.0115525,0.0,0.0]
  distortion_model: radtan
  intrinsics: [264.2125, 264.155, 341.635, 183.993] #fu, fv, cu, cv
  resolution: [672, 376]
  rostopic: /zed2/camera/right/image_raw